group	reaction_id	rate_type	field	pred_encoded	target_encoded	abs_err	pred_physical	target_physical
0	8	three_body	main_A	0.747974	0.746921	0.001053	5.004439e+18	4.709997e+18
0	8	three_body	main_n	-0.200660	-0.200000	0.000660	-1.003302	-1.000000
0	8	three_body	main_Ea	0.000917	0.000000	0.000917	18.334091	0.000000
1	21	arrhenius	main_A	0.280433	0.279345	0.001088	1.025232e+07	9.630008e+06
1	21	arrhenius	main_n	0.398786	0.400000	0.001213	1.993932	2.000000
1	21	arrhenius	main_Ea	0.199666	0.199570	0.000096	3993.318677	3991.400003
2	15	arrhenius	main_A	0.540264	0.538436	0.001828	3.210715e+13	2.889994e+13
2	15	arrhenius	main_n	-0.001442	0.000000	0.001442	-0.007208	0.000000
2	15	arrhenius	main_Ea	-0.027154	-0.024857	0.002297	-543.070138	-497.130156
