node	atom	dim0	dim1	dim2	dim3	dim4	dim5	dim6	dim7	dim8	dim9	dim10	dim11	dim12	dim13	dim14	dim15	dim16	dim17	dim18	dim19	dim20	dim21	dim22	dim23	dim24	dim25	dim26	dim27	dim28	dim29	dim30	dim31	dim32	dim33	dim34	dim35	dim36	dim37	dim38	dim39	dim40	dim41	dim42	dim43	dim44	dim45	dim46	dim47	dim48	dim49	dim50	dim51	dim52	dim53	dim54	dim55	dim56	dim57	dim58	dim59	dim60	dim61	dim62	dim63
0	O	-0.330973	0.934413	-1.420648	-0.973393	-0.457259	-1.197978	-0.051511	-0.814725	0.525167	1.033624	0.036016	-1.437716	-0.937677	-0.068830	-0.283784	-0.100784	0.503150	1.935123	0.484431	-0.121491	1.146292	-0.978511	0.223015	0.385006	-1.020360	2.000472	0.182685	0.106104	-0.727092	-0.261420	-0.250072	0.807783	-2.248383	-0.777202	-0.967963	0.108169	-0.719256	-0.951055	0.299868	2.125725	-1.416593	0.533535	-0.134284	-1.670808	0.829071	-1.019727	0.388784	1.285940	-0.240273	1.138449	1.971987	-0.252568	-0.508866	0.072269	0.238207	0.328886	-0.047408	0.206462	-0.638850	-0.925667	0.688254	-0.625966	2.254646	2.083664
1	O	0.420154	2.206063	-0.802843	-0.770199	-0.183600	-1.019979	1.247694	1.893491	0.440819	1.347534	-1.414141	-0.805407	-0.341145	0.010879	-1.133963	0.229532	-1.101778	-0.251813	-0.144092	1.659910	1.482949	-1.692299	-0.420347	-0.315399	1.372636	-1.432840	-0.421563	-0.281969	0.118361	-0.545144	0.308132	0.791122	-0.029116	-0.251612	-0.924590	-0.122495	1.774402	-0.460298	-0.119429	-1.029155	-0.071317	-0.223243	-0.152921	-0.780896	-0.947132	-0.324355	-1.709448	0.652779	1.342015	1.775059	0.390116	0.909956	-0.498517	1.094977	-0.387763	1.241287	-1.125821	-1.444855	2.713425	0.123624	0.292579	-0.060738	-1.437566	0.397872
2	H	-0.444335	2.682282	0.206678	-1.042841	-0.022561	-1.422367	0.031487	3.521713	-0.686152	2.453684	-0.671964	-1.164847	-0.388165	0.241055	-0.294614	0.063471	0.620563	0.651666	-0.699267	0.056154	-1.003261	-0.007190	-0.620605	1.462098	0.132003	1.195619	0.040533	-1.234314	-0.307875	-0.732764	1.125468	-0.732973	0.887886	-0.241562	0.126996	-0.237092	-0.759969	-0.098008	-0.267930	-0.356241	1.051738	-0.043117	-0.870030	-2.161008	0.001825	-0.531778	-0.024801	-0.286079	1.280376	-0.384298	-0.678955	0.427384	0.733468	-0.692393	-1.138645	2.086861	-0.336878	-0.577617	-1.066458	-0.558304	-0.002657	-0.559865	1.660949	1.649332
3	H	0.624268	1.618656	-0.515897	1.174044	-0.603326	2.411062	1.328563	0.745283	0.090001	-0.151597	-0.722507	0.594491	0.719305	-0.558483	-1.521587	-0.335897	-1.566490	-0.610895	-0.496337	3.176810	-0.623070	-0.274692	-0.239572	-0.665277	1.250931	-1.261233	-0.598887	1.277626	0.250139	-0.904111	0.287800	0.692794	-1.084368	0.347677	-0.828086	0.330226	1.521145	-0.405889	0.176468	-0.837517	-0.217982	-0.540083	-0.505021	1.188677	-1.724509	-0.324634	-0.906499	-1.665600	1.336558	0.193436	0.097202	0.102216	0.421585	0.879082	-0.222523	1.498260	-0.682755	-1.105614	0.870438	0.426457	-0.162763	0.310510	-2.287488	-0.055149
4	H	-0.883310	-0.895167	-0.104303	0.813470	0.313780	1.238545	-0.391160	-0.730513	-0.295950	-0.731111	0.804585	-0.884614	-0.417449	-0.193240	-0.187044	-0.921928	0.398065	-0.579914	0.212524	-0.818210	-0.717336	3.816732	-0.487627	-0.098150	-0.299784	-0.978397	-0.248706	1.693747	-0.427402	2.872282	-0.562999	-0.371249	1.653899	-0.484032	-0.194629	-0.518837	-0.229326	-0.172635	-0.234169	-0.551993	0.143066	-0.317017	0.563219	2.540241	-0.505271	2.248798	-0.222435	-0.464332	-0.472581	-0.656981	-0.439148	0.740305	0.029659	-0.363426	0.102475	-0.864327	-0.118648	-0.133631	-0.580730	0.003489	-0.218527	-0.329666	0.450499	-0.398702
5	H	0.483539	1.816383	-0.400495	1.183586	1.152663	3.571052	0.716951	-0.345810	-0.151569	0.074943	0.392885	0.678949	0.643636	-0.926406	-1.184181	-0.640126	-1.202330	-0.586074	0.239851	3.050297	-1.272638	-0.698061	-0.436956	0.121340	-0.025889	-0.929163	-0.208938	-0.145151	-0.123151	-0.946347	-0.239689	0.048901	-1.046108	0.202044	-0.873852	0.473093	0.490140	-0.163755	-0.004774	-0.214794	-0.713469	-0.491802	-0.055139	2.045588	-1.782246	-0.252353	-0.181910	-1.597142	2.052303	-0.522170	-0.661069	-0.095906	0.883888	-0.069845	-0.313310	1.868387	-0.278539	-0.478719	-0.214682	0.762697	-0.151565	0.220208	-1.483646	-0.284626
6	H	0.450678	2.557260	-0.316527	1.066053	2.181260	2.287199	-0.084858	0.591009	-0.041475	0.953499	1.012026	-0.077983	-0.201597	-0.934671	-1.120620	-0.585166	-0.969303	-0.719600	0.931048	2.816476	0.475716	-1.646106	-0.099586	0.717409	0.263138	-1.082342	-0.350545	-0.871913	-0.117461	-0.805158	-0.537990	-0.224087	0.179915	-0.476623	-1.086388	0.282628	1.211262	-0.376828	-0.367373	-0.194340	-0.688215	-0.368909	1.066126	0.091185	-1.520061	-0.619669	-0.579539	-0.007495	2.521982	-0.561560	-0.663209	-1.107826	0.637952	-0.189545	-0.147170	2.086050	-0.509444	-0.550960	-0.081602	-0.211662	-0.163736	-0.458539	-1.389828	-0.027997
7	O	0.373996	-1.217731	0.527893	-0.530050	-0.261906	-0.980551	0.598446	-1.347868	-0.549979	-1.460829	-0.449031	2.195756	0.674661	0.340659	-0.013492	-1.108492	1.340097	0.900713	1.821239	-1.651113	0.045289	0.721533	0.572229	-0.067842	-0.170042	-2.971488	0.231034	-0.877581	-0.513566	-0.607503	-0.553718	1.795244	1.474606	-0.525387	-0.918886	-0.623978	0.045338	0.288422	-0.712057	-0.404089	-0.760425	-0.215758	-0.399908	-0.657473	2.622336	0.484475	0.512163	0.284802	-0.351959	-0.550232	-0.671531	1.136139	0.198574	0.262856	0.891768	-1.268302	0.008548	0.136508	-0.438210	-0.487463	0.638605	1.465708	1.866020	-0.376982
8	H	0.308626	0.639522	0.658311	-0.567168	1.971144	-1.218206	0.056616	1.446411	-0.288432	-0.992161	-0.230584	-1.776652	-0.161798	-0.724115	0.064771	-0.876830	2.975632	0.911905	1.435630	-1.590760	-0.189810	-0.329351	0.004176	0.525148	0.445852	-1.990865	-0.054564	-0.710128	-0.352640	-0.573119	-0.745617	0.395171	3.338599	-0.596536	-0.334155	-0.257103	-0.532295	-0.043014	-0.946055	-0.380322	-0.722031	-0.227827	-0.358590	-1.022013	2.220727	0.102088	-0.025723	0.605407	0.351157	-1.142554	-0.700269	0.563324	0.358912	-0.299723	0.227405	0.944092	0.104939	-0.309857	-0.759005	-0.470090	0.360974	-0.620098	2.006433	0.823246
