group	reaction_id	rate_type	field	pred_encoded	target_encoded	abs_err	pred_physical	target_physical
0	1	arrhenius	main_A	0.655565	0.661862	0.006296	2.449822e+16	3.520002e+16
0	1	arrhenius	main_n	-0.132584	-0.140000	0.007416	-0.662921	-0.700000
0	1	arrhenius	main_Ea	0.878363	0.853490	0.024874	17567.262650	17069.790363
1	14	arrhenius	main_A	0.536758	0.532041	0.004717	2.623890e+13	1.999999e+13
1	14	arrhenius	main_n	-0.010051	0.000000	0.010051	-0.050253	0.000000
1	14	arrhenius	main_Ea	-0.025704	0.000000	0.025704	-514.083803	0.000000
2	18	arrhenius	main_A	0.536197	0.534469	0.001728	2.540587e+13	2.300002e+13
2	18	arrhenius	main_n	0.002733	0.000000	0.002733	0.013666	0.000000
2	18	arrhenius	main_Ea	0.365243	0.397503	0.032260	7304.855585	7950.050831
