node	atom	dim0	dim1	dim2	dim3	dim4	dim5	dim6	dim7	dim8	dim9	dim10	dim11	dim12	dim13	dim14	dim15	dim16	dim17	dim18	dim19	dim20	dim21	dim22	dim23	dim24	dim25	dim26	dim27	dim28	dim29	dim30	dim31	dim32	dim33	dim34	dim35	dim36	dim37	dim38	dim39	dim40	dim41	dim42	dim43	dim44	dim45	dim46	dim47	dim48	dim49	dim50	dim51	dim52	dim53	dim54	dim55	dim56	dim57	dim58	dim59	dim60	dim61	dim62	dim63
0	H	-1.014959	-0.871491	-0.071517	0.847829	0.356962	1.251831	-0.411546	-0.633391	-0.212327	-0.754708	0.831232	-0.918772	-0.242765	-0.111776	-0.043266	-0.831729	0.456421	-0.621999	0.161913	-0.799042	-0.774748	3.833925	-0.513755	-0.030537	-0.209682	-0.907343	-0.324972	1.642006	-0.361239	2.885318	-0.469669	-0.375747	1.647220	-0.525741	-0.179167	-0.488054	-0.167484	-0.335543	-0.233712	-0.687310	0.134131	-0.302742	0.582972	2.461501	-0.530541	2.211795	-0.342474	-0.383146	-0.509466	-0.638502	-0.512658	0.708373	-0.138280	-0.417358	0.130530	-0.771139	-0.233490	-0.148089	-0.612008	-0.087550	-0.273477	-0.276253	0.646896	-0.505270
1	O	0.695101	-0.603237	-0.123943	-0.179604	-1.221086	0.552228	-0.340638	-0.197540	0.199540	-0.573158	0.165797	3.445517	0.566535	0.310119	-0.499932	-0.946739	-0.748939	-1.005209	0.003375	-0.758708	3.482949	-0.548077	0.723755	1.249970	0.294969	1.517958	0.086271	-0.792934	-0.198175	-0.882542	0.540354	1.185177	-1.174235	1.039786	-0.404035	-0.752526	0.196583	-1.594091	-0.212807	0.559642	0.319023	-0.689713	-0.093479	-0.646752	0.130774	-0.975736	-0.799910	-0.104405	1.873732	1.712886	1.053657	0.409565	-0.251252	-0.357453	0.057656	-0.922054	-0.522017	-0.335174	-0.474793	-0.945496	0.127576	0.606080	-1.311602	-0.603668
2	O	0.986607	0.527055	0.039018	-0.135373	-0.072843	-1.095271	-0.441514	-0.047663	0.506794	0.439281	0.215883	1.288645	0.043366	0.088378	-0.451429	-0.824216	0.147736	-1.154714	0.155339	-1.165096	4.024518	-0.641556	0.637688	1.545558	0.252699	2.006130	0.365929	-0.907473	-0.211253	-0.943040	-0.228970	0.380686	-1.048901	-0.684893	-0.417783	-0.744098	-0.066515	-1.572578	-0.377291	1.086058	0.289743	-0.414205	-0.001885	-1.153804	1.013681	-0.960214	-0.815678	0.840379	2.125047	2.352464	0.647037	0.379202	-0.317039	-0.277152	0.040951	-0.676163	-0.500077	-0.222191	-0.620459	-1.201218	-0.022910	-0.216933	-0.942823	-0.455543
3	O	0.073230	0.521440	-1.433810	-0.866985	-0.366681	-1.124654	-0.119313	-0.792907	0.581724	0.795850	0.134323	-1.225415	-0.757063	0.010751	-0.214979	-0.066242	0.246872	1.844012	0.581745	-0.024864	1.136796	-0.945563	0.025287	0.470874	-1.064814	1.887040	0.096932	0.119559	-0.594951	-0.194505	-0.193230	0.668523	-2.408228	-0.807037	-0.839130	0.196233	-0.505412	-1.074691	0.279553	2.282392	-1.487264	0.490319	-0.088550	-1.769116	1.167080	-1.213161	0.376140	1.311546	-0.592753	0.824051	1.841230	-0.360890	-0.417929	0.037167	0.340835	0.394863	0.085132	0.226359	-0.821591	-1.111767	0.781298	-0.634535	2.554415	1.918918
4	O	0.787422	-0.871056	-1.242538	0.200282	-0.868563	0.098523	-0.592798	-1.201978	-0.407687	-0.797082	-0.107155	2.030399	0.259014	-0.162090	0.469829	0.050965	-0.799345	1.580082	0.621626	0.703370	-1.343218	-0.438416	-0.339647	-0.280136	-1.469696	1.579909	-0.667946	0.011718	-0.199623	-0.064288	1.403818	0.958694	-2.624779	-0.382849	-0.159552	-0.037399	0.649377	-0.126740	0.395915	2.520249	-1.412896	-0.429073	-0.041040	0.009729	-0.438803	-0.843099	0.734588	-0.828921	-1.372996	-0.919847	2.060856	-0.775783	0.422645	-0.025339	1.027748	-0.826828	0.372388	0.615696	-0.688492	-0.664894	0.163646	0.755373	2.361664	1.559415
5	H	-0.564331	2.620331	0.174490	-1.030000	0.192741	-1.347257	-0.011960	3.327416	-0.577574	2.337087	-0.533013	-1.175950	-0.313389	0.494185	-0.246536	0.161211	0.621983	0.466610	-0.720107	0.221770	-1.040702	0.113748	-0.782571	1.643636	0.116427	1.211964	0.181619	-1.221300	-0.293369	-0.643774	1.164636	-0.698506	0.742833	-0.112091	0.189440	-0.161933	-0.813336	-0.189083	-0.185542	-0.426226	0.858096	0.014092	-1.108011	-2.281665	0.074076	-0.663918	-0.029803	-0.273440	1.175848	-0.302360	-0.807842	0.420836	0.664183	-0.638349	-1.171505	2.235644	-0.296102	-0.691583	-1.248054	-0.618388	0.189726	-0.623345	1.793230	1.385494
6	H	-1.014959	-0.871491	-0.071517	0.847829	0.356962	1.251831	-0.411546	-0.633391	-0.212327	-0.754708	0.831232	-0.918772	-0.242765	-0.111776	-0.043266	-0.831729	0.456421	-0.621999	0.161913	-0.799042	-0.774748	3.833925	-0.513755	-0.030537	-0.209682	-0.907343	-0.324972	1.642006	-0.361239	2.885318	-0.469669	-0.375747	1.647220	-0.525741	-0.179167	-0.488054	-0.167484	-0.335543	-0.233712	-0.687310	0.134131	-0.302742	0.582972	2.461501	-0.530541	2.211795	-0.342474	-0.383146	-0.509466	-0.638502	-0.512658	0.708373	-0.138280	-0.417358	0.130530	-0.771139	-0.233490	-0.148089	-0.612008	-0.087550	-0.273477	-0.276253	0.646896	-0.505270
7	O	0.073230	0.521440	-1.433810	-0.866985	-0.366681	-1.124654	-0.119313	-0.792907	0.581724	0.795850	0.134323	-1.225415	-0.757063	0.010751	-0.214979	-0.066242	0.246872	1.844012	0.581745	-0.024864	1.136796	-0.945563	0.025287	0.470874	-1.064814	1.887040	0.096932	0.119559	-0.594951	-0.194505	-0.193230	0.668523	-2.408228	-0.807037	-0.839130	0.196233	-0.505412	-1.074691	0.279553	2.282392	-1.487264	0.490319	-0.088550	-1.769116	1.167080	-1.213161	0.376140	1.311546	-0.592753	0.824051	1.841230	-0.360890	-0.417929	0.037167	0.340835	0.394863	0.085132	0.226359	-0.821591	-1.111767	0.781298	-0.634535	2.554415	1.918918
8	O	0.787422	-0.871056	-1.242538	0.200282	-0.868563	0.098523	-0.592798	-1.201978	-0.407687	-0.797082	-0.107155	2.030399	0.259014	-0.162090	0.469829	0.050965	-0.799345	1.580082	0.621626	0.703370	-1.343218	-0.438416	-0.339647	-0.280136	-1.469696	1.579909	-0.667946	0.011718	-0.199623	-0.064288	1.403818	0.958694	-2.624779	-0.382849	-0.159552	-0.037399	0.649377	-0.126740	0.395915	2.520249	-1.412896	-0.429073	-0.041040	0.009729	-0.438803	-0.843099	0.734588	-0.828921	-1.372996	-0.919847	2.060856	-0.775783	0.422645	-0.025339	1.027748	-0.826828	0.372388	0.615696	-0.688492	-0.664894	0.163646	0.755373	2.361664	1.559415
9	H	-0.564331	2.620331	0.174490	-1.030000	0.192741	-1.347257	-0.011960	3.327416	-0.577574	2.337087	-0.533013	-1.175950	-0.313389	0.494185	-0.246536	0.161211	0.621983	0.466610	-0.720107	0.221770	-1.040702	0.113748	-0.782571	1.643636	0.116427	1.211964	0.181619	-1.221300	-0.293369	-0.643774	1.164636	-0.698506	0.742833	-0.112091	0.189440	-0.161933	-0.813336	-0.189083	-0.185542	-0.426226	0.858096	0.014092	-1.108011	-2.281665	0.074076	-0.663918	-0.029803	-0.273440	1.175848	-0.302360	-0.807842	0.420836	0.664183	-0.638349	-1.171505	2.235644	-0.296102	-0.691583	-1.248054	-0.618388	0.189726	-0.623345	1.793230	1.385494
10	O	0.136802	-0.664625	-0.119826	-0.428412	-0.561671	1.520284	-0.535866	-0.517240	0.434037	-0.489584	0.147291	2.461568	0.677426	-0.056445	-0.150302	-0.681525	0.365701	-0.170220	-0.719531	-0.591465	-0.979708	1.809555	-0.201634	0.543154	-0.493860	0.120437	1.406893	-0.540619	-0.287205	-0.459699	0.880461	0.196979	-0.689673	2.818954	-0.152605	-0.323022	-0.389264	-0.338949	-0.255140	-0.141122	-0.306816	-0.320668	-0.332241	-0.946129	-0.799069	4.863345	-0.244132	-0.370418	-0.025334	-0.374013	-0.444977	-0.414822	0.003596	-0.360057	-0.154358	-0.578995	-0.221383	-0.341186	-0.527825	-0.391123	0.161487	0.343364	-0.670196	-0.406767
11	O	-0.403411	0.942409	-1.401634	-0.911989	-0.392620	-1.156271	-0.065595	-0.768344	0.546796	1.033555	0.079691	-1.532569	-0.736510	-0.005830	-0.301615	-0.069357	0.479486	1.953059	0.341463	0.005632	1.146462	-0.908003	0.078677	0.460104	-1.028714	2.050658	0.141912	0.060312	-0.666903	-0.210117	-0.224685	0.790683	-2.276753	-0.757935	-0.834880	0.130850	-0.566841	-1.099969	0.205450	2.046344	-1.447315	0.486431	-0.158620	-1.756682	0.875034	-1.145975	0.325348	1.340824	-0.221029	1.115541	1.913153	-0.236237	-0.493081	0.099003	0.254823	0.450672	0.038893	0.190493	-0.809255	-1.062924	0.705503	-0.658160	2.315981	1.994424
12	O	0.402667	2.087036	-0.804136	-0.602623	-0.170727	-0.957070	1.187670	2.064777	0.354926	1.292035	-1.374450	-0.806327	-0.082935	0.071033	-1.174981	0.276829	-1.158366	-0.272875	-0.190174	1.765978	1.494106	-1.599132	-0.527838	-0.315387	1.373983	-1.367440	-0.487692	-0.353766	0.339718	-0.583289	0.223481	0.889881	-0.030769	-0.275530	-0.685111	-0.212554	2.067859	-0.541376	-0.219595	-1.169593	0.047014	-0.305485	-0.132134	-0.828922	-1.004658	-0.343562	-1.744217	0.506143	1.323632	1.638525	0.317758	0.801206	-0.314742	1.210486	-0.416802	1.254644	-1.072703	-1.484764	2.570566	0.025323	0.381593	0.000454	-1.541034	0.217136
13	H	-0.559637	2.656278	0.153827	-1.049733	0.092309	-1.340439	-0.016696	3.308891	-0.569387	2.368815	-0.527257	-1.173325	-0.303029	0.508277	-0.235942	0.173953	0.614841	0.515521	-0.797087	0.205324	-1.027738	0.090479	-0.780891	1.619008	0.104595	1.233651	0.181564	-1.217087	-0.298374	-0.641126	1.193207	-0.686915	0.730321	-0.110505	0.190244	-0.163092	-0.797871	-0.193084	-0.169564	-0.419469	0.852112	0.034766	-1.101294	-2.263011	0.003371	-0.668817	-0.021099	-0.300386	1.192337	-0.253804	-0.787552	0.457054	0.661555	-0.638920	-1.181251	2.218911	-0.308630	-0.699412	-1.235292	-0.615159	0.185644	-0.613043	1.726740	1.430921
14	H	0.575654	1.529474	-0.502843	1.271766	-0.583617	2.334296	1.286130	0.834007	0.098431	-0.197379	-0.697544	0.560294	0.853632	-0.464349	-1.474736	-0.263447	-1.563497	-0.637926	-0.477713	3.190403	-0.503903	-0.231683	-0.306468	-0.637467	1.265960	-1.172109	-0.601003	1.221803	0.334558	-0.882835	0.218194	0.783260	-1.104575	0.313786	-0.678597	0.250111	1.676967	-0.540214	0.049653	-0.894802	-0.087371	-0.626889	-0.464231	1.131581	-1.739077	-0.368723	-0.988310	-1.720361	1.349612	0.192755	0.098306	0.046060	0.396808	0.948661	-0.193477	1.467564	-0.722653	-1.180834	0.792163	0.397624	-0.141062	0.325915	-2.276512	-0.136632
15	O	0.136802	-0.664625	-0.119826	-0.428412	-0.561671	1.520284	-0.535866	-0.517240	0.434037	-0.489584	0.147291	2.461568	0.677426	-0.056445	-0.150302	-0.681525	0.365701	-0.170220	-0.719531	-0.591465	-0.979708	1.809555	-0.201634	0.543154	-0.493860	0.120437	1.406893	-0.540619	-0.287205	-0.459699	0.880461	0.196979	-0.689673	2.818954	-0.152605	-0.323022	-0.389264	-0.338949	-0.255140	-0.141122	-0.306816	-0.320668	-0.332241	-0.946129	-0.799069	4.863345	-0.244132	-0.370418	-0.025334	-0.374013	-0.444977	-0.414822	0.003596	-0.360057	-0.154358	-0.578995	-0.221383	-0.341186	-0.527825	-0.391123	0.161487	0.343364	-0.670196	-0.406767
