group	reaction_id	rate_type	field	pred_encoded	target_encoded	abs_err	pred_physical	target_physical
0	1	arrhenius	main_A	0.661826	0.661862	0.000036	3.512691e+16	3.520002e+16
0	1	arrhenius	main_n	-0.140088	-0.140000	0.000088	-0.700441	-0.700000
0	1	arrhenius	main_Ea	0.855737	0.853490	0.002247	17114.737034	17069.790363
1	14	arrhenius	main_A	0.533521	0.532041	0.001480	2.177857e+13	1.999999e+13
1	14	arrhenius	main_n	-0.002003	0.000000	0.002003	-0.010013	0.000000
1	14	arrhenius	main_Ea	-0.003547	0.000000	0.003547	-70.939958	0.000000
2	18	arrhenius	main_A	0.533458	0.534469	0.001011	2.169943e+13	2.300002e+13
2	18	arrhenius	main_n	0.000547	0.000000	0.000547	0.002734	0.000000
2	18	arrhenius	main_Ea	0.397403	0.397503	0.000100	7948.051095	7950.050831
