group	reaction_id	rate_type	field	pred_encoded	target_encoded	abs_err	pred_physical	target_physical
0	1	arrhenius	main_A	0.663610	0.661862	0.001748	3.892674e+16	3.520002e+16
0	1	arrhenius	main_n	-0.141740	-0.140000	0.001740	-0.708702	-0.700000
0	1	arrhenius	main_Ea	0.852039	0.853490	0.001451	17040.779591	17069.790363
1	21	arrhenius	main_A	0.280851	0.279345	0.001506	1.050200e+07	9.630008e+06
1	21	arrhenius	main_n	0.397542	0.400000	0.002458	1.987709	2.000000
1	21	arrhenius	main_Ea	0.198555	0.199570	0.001015	3971.093595	3991.400003
2	20	arrhenius	main_A	0.512134	0.514001	0.001867	6.358372e+12	7.079992e+12
2	20	arrhenius	main_n	0.001704	0.000000	0.001704	0.008522	0.000000
2	20	arrhenius	main_Ea	0.069665	0.071701	0.002037	1393.291950	1434.029937
