group	reaction_id	rate_type	field	pred_encoded	target_encoded	abs_err	pred_physical	target_physical
0	1	arrhenius	main_A	0.658113	0.661862	0.003749	2.836757e+16	3.520002e+16
0	1	arrhenius	main_n	-0.134165	-0.140000	0.005835	-0.670824	-0.700000
0	1	arrhenius	main_Ea	0.882575	0.853490	0.029085	17651.491165	17069.790363
1	21	arrhenius	main_A	0.279524	0.279345	0.000179	9.729661e+06	9.630008e+06
1	21	arrhenius	main_n	0.397677	0.400000	0.002323	1.988385	2.000000
1	21	arrhenius	main_Ea	0.168625	0.199570	0.030945	3372.507393	3991.400003
2	20	arrhenius	main_A	0.514297	0.514001	0.000296	7.201710e+12	7.079992e+12
2	20	arrhenius	main_n	-0.002120	0.000000	0.002120	-0.010599	0.000000
2	20	arrhenius	main_Ea	0.049197	0.071701	0.022504	983.949751	1434.029937
