group	reaction_id	rate_type	field	pred_encoded	target_encoded	abs_err	pred_physical	target_physical
0	8	three_body	main_A	0.750861	0.746921	0.003941	5.909308e+18	4.709997e+18
0	8	three_body	main_n	-0.197936	-0.200000	0.002064	-0.989680	-1.000000
0	8	three_body	main_Ea	-0.011190	0.000000	0.011190	-223.791897	0.000000
1	21	arrhenius	main_A	0.280025	0.279345	0.000680	1.001420e+07	9.630008e+06
1	21	arrhenius	main_n	0.394396	0.400000	0.005604	1.971981	2.000000
1	21	arrhenius	main_Ea	0.168738	0.199570	0.030832	3374.753296	3991.400003
2	15	arrhenius	main_A	0.547577	0.538436	0.009141	4.891331e+13	2.889994e+13
2	15	arrhenius	main_n	-0.013474	0.000000	0.013474	-0.067368	0.000000
2	15	arrhenius	main_Ea	-0.039945	-0.024857	0.015088	-798.898637	-497.130156
