node	atom	dim0	dim1	dim2	dim3	dim4	dim5	dim6	dim7	dim8	dim9	dim10	dim11	dim12	dim13	dim14	dim15	dim16	dim17	dim18	dim19	dim20	dim21	dim22	dim23	dim24	dim25	dim26	dim27	dim28	dim29	dim30	dim31	dim32	dim33	dim34	dim35	dim36	dim37	dim38	dim39	dim40	dim41	dim42	dim43	dim44	dim45	dim46	dim47	dim48	dim49	dim50	dim51	dim52	dim53	dim54	dim55	dim56	dim57	dim58	dim59	dim60	dim61	dim62	dim63
0	O	-0.023660	1.018629	-0.510123	0.121732	-0.687181	-0.460542	-0.744964	-0.657046	-1.723346	2.303553	-0.760726	0.605841	-0.817803	-0.018742	-1.200313	0.025546	0.045645	2.206384	-1.678595	0.327841	2.006475	-0.502364	-0.253483	-0.754780	-1.718890	0.598153	-0.527311	0.116189	-0.168264	0.128142	1.039193	1.979612	0.290394	-2.120674	0.127672	-0.825048	0.159899	0.688369	-0.559809	-0.412212	1.091433	-0.250616	-0.387773	-0.432850	0.874871	-1.031381	0.263645	1.262957	-0.100497	0.420425	-0.692912	-0.722573	0.445201	0.966448	0.814711	0.748496	0.058362	-1.245340	0.202152	-1.590786	-1.056908	1.479325	0.427218	2.488887
1	O	-0.295989	2.248143	-0.913529	-0.713830	-0.538254	-0.448009	1.076139	-1.719590	0.586164	0.936488	-0.081705	0.246171	0.090099	0.107426	0.133245	0.322224	-0.725375	1.497052	-0.168355	1.626866	2.215931	-0.937417	1.840352	-1.611545	1.641959	-1.345007	-0.976863	-0.196832	0.279537	-0.483974	-0.467947	0.715836	-0.066562	0.340734	-0.011218	-0.226465	-0.492632	-1.431920	0.114002	-1.251521	-0.899042	0.464969	-1.391431	-0.475994	0.337324	-0.709068	-0.751427	0.374317	0.228169	2.789360	0.522623	-0.252293	0.433918	0.594379	-0.798548	0.239583	0.331914	0.543247	2.386602	-1.017371	-0.691880	-0.715176	-1.996219	0.559892
2	H	-0.541953	2.518798	0.284638	0.068302	-0.678627	-0.892779	-1.019889	-1.047019	-1.704733	0.511510	0.037163	-0.503536	-0.969793	0.065780	-0.451977	0.070163	1.043448	0.764749	-1.277703	-0.011787	-0.875872	1.216353	1.104396	1.535350	0.175860	1.155854	-0.834380	0.306698	0.123032	0.151013	1.962312	1.679919	-0.275467	-1.568793	-0.259637	-0.678764	-0.247355	-0.297414	-0.266461	-0.871696	1.085361	-0.059484	-0.238938	-0.847296	1.250507	0.410663	0.356495	0.109357	0.693660	1.354069	-1.634684	-0.806756	0.478801	-1.104007	0.143434	1.736260	0.014496	-0.976712	-0.999274	-1.486820	-1.330939	-0.843687	1.322166	2.498135
3	H	0.112793	1.503338	-0.916691	-1.080499	-1.279930	0.152995	1.464419	0.356513	0.959642	-1.195446	1.097063	-0.327124	0.638028	0.709967	0.150148	0.761445	-0.786440	-0.579329	-0.916378	1.530257	-0.763081	0.779218	0.009345	-0.919957	1.590071	-0.360239	-0.254888	0.069991	-0.237784	0.069692	-0.917532	0.074268	-1.157580	0.277197	-0.235646	0.746053	0.562718	-1.793743	1.219335	-0.548035	-0.893687	1.091495	-1.531309	-0.977992	-1.046893	0.161392	0.227044	-0.738998	-0.197202	0.961366	1.692344	0.096821	-0.580161	-1.385230	-0.028150	0.214703	0.214518	3.644636	1.996106	-1.006162	-0.044704	0.103642	-1.249804	-0.878878
4	H	-0.484101	-0.576588	-0.180688	1.514303	0.690476	0.096271	0.090357	0.709851	-0.959266	-0.524660	0.663402	-0.525661	-0.538182	-0.364690	-0.650645	-0.243496	3.322531	-0.801657	1.855389	-0.535712	-0.779422	-0.454775	-0.626244	0.552228	-0.450565	-0.398781	2.941167	-0.124669	-0.173079	1.191190	-0.603416	-0.859951	-0.127075	-1.056528	-0.377278	-0.100540	-0.203300	-0.538087	-0.207876	-0.681040	-0.651643	-0.397484	0.807654	1.831969	-0.872109	0.611495	0.040674	-0.498403	-0.613773	-0.565820	0.035140	0.351572	-0.346496	-0.550152	-0.193383	-0.323062	-0.005240	-0.751761	-0.865130	2.953743	-0.686429	-1.001830	0.452019	1.419135
5	H	-0.275828	2.117105	-0.924235	-0.791781	0.005912	0.382326	2.769765	1.367370	-0.081394	-0.872655	0.886322	-0.130338	2.704026	1.321640	-0.557289	0.560284	-1.553548	-0.546802	-0.979980	-0.292265	-0.136445	0.013202	-0.679095	-0.219970	0.632386	-0.984303	0.036238	0.160575	-0.291066	0.623735	-1.038799	1.019441	-1.511941	0.197335	-0.691265	1.280433	1.355433	-1.319587	1.409940	-0.126320	-0.729323	0.941962	-0.968945	-0.857403	-0.677828	-0.091309	-0.089360	-0.960525	0.782297	-0.498040	0.182866	0.980644	-0.937615	-1.063580	-0.075959	0.769624	0.045028	1.567810	1.024542	-0.867723	-0.513490	-0.071411	-1.179013	-1.471701
6	H	-0.448473	2.412704	-1.099604	-0.670684	0.312391	0.187967	2.742324	0.347181	-0.226603	-0.682891	1.102701	0.022779	2.773407	1.230990	-0.760335	0.342257	-1.340130	-0.566059	-0.977852	-0.576630	1.460666	-0.265502	-0.078877	-0.323628	0.764242	-1.084990	-0.092254	0.045666	-0.383455	0.173663	-0.542272	0.853164	-1.004446	-0.061455	-0.870667	1.113475	0.979352	-1.521914	1.112606	-0.254704	-0.704262	0.818424	-1.319722	-0.872502	-0.126905	-0.574017	-0.479327	-0.549749	1.238082	0.483611	0.186115	1.025437	-0.587067	-0.376460	-0.439592	0.507337	-0.103586	1.447162	1.704828	-1.938895	-0.274585	-0.320714	-1.497326	-0.901225
7	O	1.224160	-0.628378	0.260881	-0.170365	1.042284	-0.095353	1.161779	-1.329928	1.566483	-1.508151	-0.870604	0.401981	-1.362315	-0.684291	-0.321989	-0.169551	1.047692	-1.017088	1.272511	-0.735970	1.041333	0.362927	-1.118062	0.392665	-0.577479	-0.970622	-0.750625	-0.362347	0.199848	-0.356368	-0.420866	-0.826808	1.807014	-1.768822	-0.683714	-0.011219	-0.187909	-0.178740	-0.647785	0.786893	0.723780	-0.095625	-0.457757	-0.913865	0.281603	1.802582	0.159916	0.655563	0.108541	-0.932204	0.749020	0.295397	1.253202	-0.542181	-0.611591	0.290571	-0.055220	-1.129273	-1.562487	3.108893	1.354175	2.213120	-0.117183	-0.863010
8	H	1.008953	2.074336	0.286138	-0.216068	2.296561	-0.807874	0.459643	-0.176304	-1.720294	-0.472233	-0.414473	-0.622338	-1.077890	-0.440954	-0.531416	-0.433121	2.463603	-1.335753	1.094321	-1.009695	0.140221	0.164488	-0.336835	0.165180	0.408431	-0.705602	-0.753525	0.208431	-0.185628	0.080522	0.132256	-0.884515	2.398361	-1.737547	-0.405443	-0.274453	-0.240041	-0.721882	-0.494460	-1.066083	0.207202	-0.423352	0.550969	-0.988759	1.399988	-0.017222	-0.353012	0.080273	1.388255	-0.069196	-0.731529	0.119197	1.871344	-0.721289	-0.539786	1.970079	0.008262	-0.943446	-1.256012	1.178622	-0.584376	0.901766	-0.337923	1.707424
